-1.83915036303	1.42844802546	-2.61064211336	-0.590965054169	2.38595736736	0.544050060405	-0.239619783285	0.0923772229793	0.856818613184	-0.395157249711	-1.12244129604	-0.785602845341	-1.49918098174	-1.14096478697	1.52128234299	-1.11603732828	-1.32161766552	1.33554067827	-3.09688319382	-1.42005078098
-0.246195046761	-0.0274146695729	-2.29695175145	-1.14901745226	0.38113830409	-1.14114982707	-0.805977706975	-1.71652340872	-1.86601151331	0.787838441515	-2.7031058895	-0.211571122447	-3.56679949439	0.839587991553	0.798822452458	-1.92595397438	-1.31349527684	-1.65840942681	-0.753433328894	-0.899077777198
1.87058081507	1.73995638234	0.380640935961	-0.31990270411	-2.35280127834	-0.17626097227	1.57317214581	0.891938408244	0.191059057464	-0.52002546769	-0.724824458928	-2.02550071968	-0.997072512105	2.13582404675	2.27933924665	-0.371801729293	-1.67076149362	0.329367646276	-2.94812689857	-2.40363848519
0.262975130046	-0.575670378199	4.74895612989	2.06187286272	-0.879741445715	-3.58188493213	-0.154910506013	-0.156532189515	-0.857747710072	3.71140127134	-3.0069016747	0.349559199814	2.4116450571	-4.4659098985	-4.78100400417	-1.43868291147	0.633046762344	-2.2319664276	0.140452572534	-0.693678667916
-1.19905456633	0.946782668734	-3.78435862629	-3.4297240857	1.2344613259	-0.79833570369	-1.59687777353	-0.257301833053	-1.58005733748	0.482103170354	1.14822561936	-2.23771766328	-2.36268107048	-0.262720045255	0.983774203233	-1.88765098707	0.869443448471	5.80514389418	0.686072486297	-1.66512901882
1.21108055175	-1.69894190917	3.57413928466	2.97841614535	-4.07286979045	0.888041983272	-0.568439815166	-0.520686012505	0.591312021286	-0.867599276973	1.44093405073	-0.800036842286	2.0049650502	2.05001290261	-2.69701176807	0.454606469771	-1.20789240312	-3.31201518704	0.886688535992	5.03692145528
-0.641986602395	-0.803055704609	1.35278221628	0.239424474111	0.520089043296	0.0447037435401	-0.80978801835	0.59555883226	-1.41430533574	0.979471762841	0.352527920794	0.870366679111	1.35895299703	1.18534906715	-0.738055288633	0.696091596039	-2.20890726787	-0.486928033692	-1.6639579153	-1.42166910836
-0.648582383679	-1.04878906016	0.714917988858	0.832641685528	-0.132488437949	-1.33260921309	0.215110884027	-1.40021239123	1.38643651751	1.6505814658	-0.213364110631	-0.218450495306	-1.41633037125	-0.625935149034	0.972745407917	-0.215953557899	-2.90442364605	0.887524626178	-5.10185100146	-2.05935859368
0.912139558984	-0.630844670274	-0.0634466142009	1.55019886452	0.671712799927	-1.04651819922	-0.616167328791	-1.68702121592	0.357881879987	-1.02821746333	0.0107102736244	0.116449477962	-0.678982910107	2.4402553239	1.61424177313	-0.981391625681	4.33053644531	4.97908072428	0.36064976448	-2.84758757789
-0.753986719126	0.70427331438	-0.210878904801	-0.180479880708	2.82404252297	1.5083281919	-1.49567839393	0.642116129373	-0.783398610058	0.458521544924	-1.20059211387	-1.36921722884	-1.93326479572	-1.64118434417	-0.240259015464	-0.927696442266	0.101862957732	-1.67278406438	-0.0833146046494	-1.48360020554
-1.13005340581	-0.648074852469	-2.42476348023	-0.174857434132	0.330027895248	0.552411980311	-0.0465803815666	-1.0418957353	-0.129792084022	0.593096236568	0.766945356776	0.958754660442	-1.63161741027	-1.17190008473	-1.31927655913	1.07289288238	1.6948928022	1.68701222857	1.69988780133	1.99841266232
0.622140970596	1.49651596476	-1.2232205288	-1.14184592039	0.397654233821	-1.01110678955	-0.156929701591	-0.490037446989	-0.88674033087	-0.820316446912	-1.62987580777	0.189552630835	0.765885881679	-0.880282717744	-1.29597530935	-0.0802979777982	1.55250966803	1.67630635453	4.27453860323	0.737763930038
0.567709134197	0.205764066762	0.855428090133	0.0960943611715	-2.34819619097	1.14820109686	-0.804247426275	-0.566238922822	0.358720928597	0.142159586311	0.829059675639	0.310202276465	-0.0110175412371	0.533759523492	-0.323805117201	-0.945715482474	0.315449195908	-0.587489206933	1.38580394533	-0.550087772224
