1.13350897427	-0.432451993452
0.926150131852	-1.09286042741
3.48833261088	-3.3459966858
1.63582656585	-2.09299829152
-2.68668748723	2.73948409119
3.89396362808	-2.13737327659
0.253024488439	0.87111755289
-1.13098161525	-0.67460628305
1.29364460167	1.1451909494
-1.19619941598	1.99845805781
2.94048708773	-3.45826782635
0.725387006751	0.416818500166
2.2997162316	-2.27902114836
-3.18393281415	3.36204153271
-2.07579880747	1.82465146339
-0.765657611772	0.689921680438
-3.60609152739	3.95010787251
-3.56262257681	3.49231257193
5.75422507855	-5.66246569824
3.96563760361	-3.99708292811
